2.307326607093080836e-02
2.626871143406423696e-03
-1.911160991447762372e-02
1.948958884399198260e-02
-2.185029728319497558e-02
2.107557325662858666e-02
-2.251140102556852332e-03
-1.127765271367650937e-02
8.742265509824671127e-03
4.719930906302018461e-03
3.569615875096121549e-02
-2.238648912067757457e-02
3.163667547805191355e-02
-1.013535830833754009e-02
-1.537530985086051245e-02
1.506262529018347583e-02
3.778838988074011140e-03
-2.379765657696311740e-03
-1.076025019676877734e-02
2.812012806389308298e-02
-1.690500385426943475e-02
3.470911570778385108e-02
-3.155525096342792768e-02
7.214783902777631083e-03
8.558510107442589190e-04
2.152296100470862603e-02
-8.810935103774597196e-03
1.107222591925294611e-02
-5.706890801861369544e-02
-1.739254033103673769e-02
-3.722622899117111056e-02
-1.183979584085503335e-02
8.040549156495229235e-03
-9.877273246168189239e-05
-1.235822070408116972e-02
-1.739115419808318422e-02
1.547902345383150120e-03
2.406094729929256562e-02
2.830656512063698879e-02
-1.715198527020777436e-02
-1.454132469487159733e-02
1.932212264447641728e-03
6.138548542230766545e-04
6.165600468197462818e-03
9.766527333027493277e-03
1.187542655950653454e-02
-3.722804454603685642e-02
-1.405726055959349158e-02
-1.689386943618578080e-02
4.369431079359007222e-03
-3.740302224955532190e-02
2.516843925282550090e-02
3.586333872792616968e-03
2.009881524596844257e-02
-4.281360064207165306e-03
-2.559540502210813639e-03
2.655004256860779219e-02
-4.489498698304264642e-04
1.735751855501874510e-02
1.194793770487944523e-02
-4.579748180181588205e-03
2.466014653808178136e-02
1.401391804475069641e-02
-3.439387904417706004e-03
2.338024972866143900e-02
2.524555366168027004e-02
1.156010067322714446e-04
1.565696599059874725e-02
1.436398984493958593e-02
-2.178944316926197111e-02
2.192614256553444482e-02
-3.198886384557688561e-02
-1.646689650317643278e-02
9.444612200043665459e-03
4.636139059119636328e-03
-3.699711240202763901e-02
3.125799646744487764e-02
-2.226347416027977047e-02
-1.429734940532378581e-02
1.553218606852350102e-02
-1.843241639761380307e-02
1.378537220751565572e-05
9.482768845273938443e-03
-1.041843188877563525e-02
-1.448428701801564300e-02
-5.829139976507497801e-04
1.031670149580826701e-02
3.171276802802883155e-02
1.345931759466500316e-02
1.272239376777529844e-02
3.925634929921031566e-03
-5.180922536515781412e-02
-1.332476203740831124e-02
-1.345499123774401146e-02
-1.621575686924638104e-02
-1.960743741220808897e-02
-2.398605750524202343e-02
-5.813768436572058426e-03
1.265302464550565643e-02
6.866505054584543660e-03
-3.699328468523965102e-02
7.678607446715726530e-03
-3.058995743941164431e-03
-4.953018768648424427e-03
4.580465286275162834e-02
-7.876332313595838311e-03
3.975212585472363835e-03
4.979971357083115384e-03
1.309042867544949786e-02
1.236760773144346057e-02
4.165374489049187764e-03
-2.102650335948214738e-02
4.477502379259903388e-03
-4.942107581161201031e-03
-1.263870503577351964e-02
9.066576797425198592e-03
2.152698958732846696e-02
-4.656876401304395341e-02
2.715817797419896318e-02
2.849591281276008664e-02
1.566076208698821692e-02
2.726099303283564812e-02
-5.234789428533569849e-02
-2.942178837574785030e-02
9.048394918290729450e-03
3.405196585985544467e-03
1.282207508792607836e-02
7.378205878291716792e-03
2.024867227967931671e-02
1.302059817224123298e-02
1.613538955219082777e-02
1.250585842862287841e-02
-4.087624862253995406e-02
-5.178187792178523194e-03
3.024413052153394899e-02
-8.605170910338182100e-03
-8.024908536005957368e-03
7.763760134691917968e-03
8.832970949033423780e-03
-1.284185565748694607e-02
2.282231845242648632e-02
-1.373728088800416081e-02
-1.729465126574918424e-02
-8.381982274117218135e-03
2.181340134801809313e-02
4.512890511219217610e-02
2.774525965537119349e-03
6.959096499457721394e-03
-2.269621683147696536e-02
1.937207081933269449e-03
1.784586731164589102e-02
-3.133077020473819946e-02
-3.098647998742727616e-02
-4.332548724598022510e-02
1.582788450990618018e-02
-1.062262258418204819e-03
1.045817004159110136e-02
3.786269559460968964e-02
1.497081648182510376e-02
5.432072274162295239e-02
-5.313591241330970286e-03
-4.266026083765799871e-03
-1.894306704096290761e-02
1.133449337215234297e-02
3.784552920969502104e-02
-5.566278666001665300e-03
6.317995695826028602e-03
1.405492968353034590e-02
8.331885236160983810e-03
-3.339618255917071316e-02
2.212971846087823796e-02
-2.037733067848412558e-02
1.373391557812948284e-02
9.058837684218484093e-03
-2.073479418936235302e-02
9.199927878142095602e-03
5.245902928612916627e-02
-3.547716471354898059e-03
1.247891760350536977e-02
4.282915032940675520e-02
-3.018412575011137494e-03
-2.868663993038995941e-02
-2.914881085495875379e-02
-3.857709334046990207e-02
-1.022735524911012363e-02
9.844505779651473512e-03
9.268349803354699115e-03
2.495204842859136823e-02
-1.164647725997104352e-02
2.929194046037728733e-03
5.536465996724516253e-03
-7.603795543931704363e-03
6.721668276286207888e-02
1.028999061062043328e-02
-4.723993929638951005e-03
-1.159279796983854645e-02
-2.482385952532441264e-02
4.354134781603224980e-02
2.019896328245478212e-02
2.189039661408158539e-03
-2.927046923051908334e-03
4.499547094856062163e-02
3.506914708712184636e-02
-1.333391154536286462e-02
2.151664598887778959e-02
-3.391911920048888002e-02
5.635309950761628085e-03
-1.244186447328214477e-02
9.338910000872030492e-03
2.904185736272627688e-02
-1.538836816135723436e-02
-1.273410827495907727e-02
-2.897654675115876339e-03
-4.914393795257827012e-03
3.001082063220426518e-02
-1.791476646301390710e-02
1.196397620015486260e-02
-1.171319373985098625e-02
-2.259235958652473439e-02
6.840574384440532667e-03
3.208265902467329067e-02
1.872470756567597410e-03
-2.740317127438143124e-02
1.440096597539471330e-03
-3.287404412347490895e-02
-1.573405139383150797e-02
-4.962049931973659331e-03
9.817272628626774050e-03
-3.438270266890827015e-02
1.685230317489251270e-02
-6.860226164460762367e-03
-2.909051016266758511e-03
-5.401524345527168938e-03
-4.344291316312383529e-03
1.036565875193023447e-03
9.053514891238208587e-03
-1.487705815333281983e-03
-8.340531770966112118e-03
1.302317982541062284e-02
1.262583354658721076e-02
9.845674357807794250e-03
-1.464070990733214346e-02
1.538389922227465997e-02
2.705137147492806329e-02
-1.000613678425805488e-02
1.851324171055731410e-02
-4.172627805804133422e-03
-7.827048210886285509e-03
6.516627868137440938e-03
-1.122323849486739182e-02
-5.444113844461538447e-03
-1.766666273150216404e-02
5.144897684796204823e-03
1.279319478062141031e-02
-4.709430163337947894e-03
-1.755537217279434098e-02
-3.421958457935908582e-02
-2.452839918578073042e-03
1.567907135158657164e-02
3.258143116241459664e-02
-7.029401720586209851e-03
7.232829691569083765e-03
-2.633461320479931617e-02
-4.196339540796109602e-02
-1.278426067135423304e-02
1.382917426890692240e-02
7.137405045023465303e-03
-9.271125909645842877e-03
-8.319964462327065959e-04
-2.824448589972361132e-02
2.461003253539755659e-02
5.549735482202846314e-03
1.589244182737761454e-02
-9.285502712069605702e-03
2.683715139098175398e-02
-2.435061957883662663e-03
-1.328804804469401607e-02
6.696894833598956466e-03
-4.317108609915899092e-02
-5.035880271844572417e-03
-2.144568367755652488e-02
9.352552560695752068e-03
-4.714563283071770625e-03
1.017907963938940313e-02
-5.826149659151349039e-03
1.242275717716418218e-02
1.189607376129044221e-02
1.538771673351319903e-02
-1.921411807767488267e-02
-2.130279500367004628e-02
-2.128096328482106253e-02
8.591570042097027016e-03
-3.559043007205965441e-03
-7.357292526769921605e-03
-7.861850395483684084e-03
-2.602048626788381475e-02
1.162872419793733493e-02
1.966645989346149995e-02
3.504129692298923841e-03
-7.233512037750763554e-03
3.226085865667668862e-02
-1.770929056783662053e-02
1.213462586145860368e-02
-1.247520986807119057e-02
-6.684526236939543169e-03
-2.332728171553372087e-02
1.383326773204267366e-03
-1.826494212057325206e-02
-1.864821286263560265e-02
4.201030522613569823e-02
9.461879055963280313e-03
-6.083652564158766735e-03
2.029964067757707505e-02
9.245640349296530350e-03
7.487801209479982498e-03
6.939006502339047045e-04
-1.683421767043234013e-02
1.460651608677655117e-02
1.579780099240546062e-02
1.036282880518464219e-02
-2.914638762359576460e-02
2.292705744753536015e-02
1.081185384568612851e-02
-1.770887377514766478e-02
2.067166621097283816e-02
3.768470595187654176e-02
1.199532362239493985e-02
-4.197872603355235627e-02
6.913230595480762165e-03
-9.171169497931085102e-03
-3.140877808108289565e-02
1.473947081179898715e-03
8.259956342692911097e-03
2.591857363041748588e-02
-4.578360291374893726e-02
1.106162695309524831e-02
-8.056272864222887437e-03
2.442333746539139625e-03
-7.490281449693604945e-03
-1.121173498776216471e-02
4.231576943976925187e-03
1.558509380070892229e-02
2.838327531804147024e-03
-4.558932981393050421e-02
2.305709711299791520e-02
-1.420807247780522505e-03
1.563133931495901130e-02
-9.655228278931568889e-03
6.192519680089923241e-03
2.382996320031486107e-02
7.150741666818366538e-03
-8.277870325020138947e-03
1.931547115173970833e-02
-9.837936920098308557e-03
-4.025964415437406629e-03
7.909654898724902128e-03
2.765598361817826062e-02
-2.449623327644417231e-02
-2.246090163705643378e-02
-3.545415260002243718e-02
7.551115261521971350e-03
-2.336467471535651555e-02
-5.978004795224141181e-03
1.279830729337640485e-02
1.746848210083155536e-02
-3.758097827357081023e-03
2.784268991689749576e-02
-1.228879567090695318e-02
9.756825439637352784e-03
-9.791640582893551895e-03
-1.291181994466330564e-02
-1.327643511876841487e-02
2.256789779736695367e-02
-6.320673294234664154e-03
1.314882443917309886e-02
1.960713898908314143e-02
-3.125401981226489517e-02
-4.161863842154394852e-03
5.691035796771765423e-03
-3.341853257344686891e-03
-1.851735806521063663e-02
-3.259263898242165808e-02
-2.385792691133253787e-03
-3.598390994354571694e-03
4.215431068603133630e-02
-6.452599585517476352e-03
1.072829862357166722e-02
2.155856019908065219e-02
2.200897553991397818e-02
-1.233459198484346611e-02
-5.944995684129233959e-03
-5.877842202652473888e-04
1.034483305510574191e-03
-1.904951871436337194e-02
1.018690292637618698e-02
-4.220293728240935571e-02
3.526298429054849914e-02
6.805948123398963823e-03
1.806328267331237802e-02
4.227415119998221421e-02
1.851699881644348553e-02
1.209487097995793486e-02
2.570310882444079570e-02
-2.156378386301885386e-02
3.929744753025615593e-03
-7.522533375122554197e-03
2.567566666967312228e-02
-1.108044355421598272e-02
1.349163236977625989e-02
2.120707579744721474e-02
2.309802936367260848e-02
-2.115698254554248398e-02
1.240209664051157047e-02
3.252029372525235516e-03
2.968009751363143156e-02
-7.062877649436233481e-03
-2.283379162651988370e-02
-2.063791649073572557e-02
-6.959284926596936809e-03
-1.112805217937188999e-02
2.415150273043630003e-02
-1.974064934138842695e-02
2.046472686567554419e-02
-1.388181500220218509e-02
3.730564852869241305e-02
-4.804907373506602658e-02
-5.051326132975197253e-02
2.276195624914182161e-02
-1.494976572879950193e-02
8.763733367449596037e-03
9.627213125816826492e-03
9.441039801723607669e-03
1.430107165310265729e-02
-2.134203097489197759e-02
-5.338326219436475943e-03
-5.668684283414993953e-03
1.277985490553782029e-02
1.182093127586643540e-02
9.243078884308924756e-03
-3.034474232416166026e-02
-4.310520325314245137e-03
6.277131761824447306e-03
2.172194319202119805e-02
1.962205118915211211e-02
1.501767411028184958e-02
3.638362190680978492e-02
2.354789769546290074e-02
-9.287101723021161034e-03
1.003790579916040773e-02
-8.830077898388494217e-03
2.025790662904553355e-02
-7.265358953335744954e-03
2.781766522466733258e-03
-1.782333019659837134e-02
6.301665406168109260e-03
-1.834550629941614219e-02
1.079109514317949832e-02
-2.308358477569773162e-03
-1.430361500940694527e-03
-3.847212633575411347e-03
-2.771956049624580559e-02
1.922763299305368240e-02
1.153307383048391734e-03
1.451854794650985457e-03
1.495075437243721141e-02
-1.435203161550675441e-02
2.066216787409035603e-03
-5.220542755684612866e-03
1.257520586111490930e-02
-5.673855692962909494e-03
-3.040970849791136202e-02
4.281020579383672947e-03
-1.269174344901680997e-02
-9.603845048944785467e-03
2.254815075730538451e-02
-1.943122117856865491e-02
1.290085285046880560e-02
-1.537420896188729236e-02
-4.284821455592487636e-03
-1.160369311760655990e-02
1.234758924767250660e-02
-2.802578657312083249e-02
-2.277757653953543099e-02
3.611041208307247050e-03
3.279702044706569401e-03
5.514800439760776662e-03
1.324896995485906441e-02
2.919346814560622866e-02
2.895496060463979317e-03
1.601369216767893622e-03
-1.420534192524702810e-02
6.444318142043950481e-03
1.064800199212822054e-02
1.492348165079348307e-03
2.103860414696498427e-03
-2.724454285003506324e-02
-3.179364770119817718e-02
1.430987335075459103e-02
2.079202264396527722e-02
-2.276598573503371345e-02
-3.935228952974761940e-02
-8.046969677003813423e-04
-1.097151942825943562e-02
2.355682263156676226e-02
-9.340606389609476187e-03
-1.375149216491466930e-02
5.678702666689836899e-03
-8.717227895049892844e-03
2.277749672960158525e-02
1.612692307626804530e-02
6.351220663098264101e-03
1.888703098392524940e-02
1.433771669051194832e-02
2.912096734818911316e-03
3.833440902702533299e-04
-5.202134823589811552e-03
2.749785188908787301e-03
5.785087422140855647e-03
6.445238967742916714e-02
-2.969028356974253227e-02
4.332435530576978118e-03
8.348102097400151786e-03
4.890712044177704214e-03
-9.358829487200659089e-03
-3.528479522461362965e-03
2.549866230864129835e-02
6.425208462410143123e-03
2.128810979776826762e-02
-1.766918519781466700e-03
4.079900260944206020e-02
-4.601799194971356068e-03
3.790785529425625550e-02
-3.808821497688637259e-02
-5.463609589290877727e-03
-3.008574943344984043e-02
-9.342153594496863805e-03
-1.253108139270448299e-02
-1.552307424918396121e-02
-1.798572126750374754e-03
1.089480545015641261e-02
1.926569085163188852e-02
-1.476790911325001447e-02
-1.898983851327680841e-02
-4.468314625656232691e-02
1.104453162130405054e-03
-5.223029681875600815e-03
1.148644626428115163e-02
3.635364877494480160e-03
-7.768072022572191510e-03
-3.805846987108347634e-03
1.892451252025667552e-02
3.414683598854335866e-02
6.056598488973019903e-03
-8.916424537769312639e-03
-7.223217376686313744e-03
-1.069740303232359635e-02
2.994235436964945776e-02
-2.549053114838322268e-02
-2.277652495818954792e-02
7.368554682721390955e-03
3.756780708906332089e-02
2.607260832543332324e-02
1.322188131852842369e-02
1.781050339093720805e-02
-1.782989422195938728e-02
7.632179622311473406e-03
-1.782190946037135251e-02
-7.921919480561104288e-03
-2.855325004782310536e-02
-5.587647394022610819e-03
1.123324642963344049e-02
-6.371748983410667130e-03
-3.757801847082041513e-03
1.295388955247873605e-02
-2.111522725748162313e-02
5.556670860712725063e-02
-4.033091766211665229e-03
-2.392885623653741647e-02
-2.438901350596509726e-02
-1.851005005239678494e-02
2.628932453900114166e-03
2.933691297188218555e-02
2.716588728632037680e-02
5.538471047026751956e-03
-2.761845145748392273e-03
-1.812736304257681064e-02
-3.195220922354742588e-02
2.469742322800779627e-02
1.417023869739815131e-02
3.315231114883599589e-02
9.801055354101665881e-03
-2.716878179499684562e-02
5.000440497565738704e-03
-1.190884882320541668e-02
2.060294822926814207e-02
-2.992837247369551160e-02
-1.567967915287883651e-03
3.088728226445759326e-02
2.206915910051294571e-03
-4.781642681068439503e-03
-2.537399678880399457e-03
-4.174938684834741259e-02
1.387262553304050884e-02
1.515494962879773005e-02
-3.433272991474172094e-03
5.398668976272750705e-03
1.353198916013347367e-02
-1.127934751925156916e-02
1.070341065055887067e-02
7.026673255719439320e-03
1.659642603732242169e-03
8.433194008044257728e-03
-2.444721081030929236e-02
-2.512211847817029733e-02
9.515416903451126909e-03
3.264753768726477712e-02
-1.194667238820765892e-02
8.099126221906317868e-03
3.546331510442036344e-02
-1.212975595784179621e-02
2.003842842351984121e-02
-4.945796242636004737e-03
-6.253159280757825296e-03
1.595844810165163510e-02
1.256883258298620298e-02
-1.490036517346016685e-02
-3.923402344330655989e-04
6.972197834653546655e-04
-2.535870929157316850e-02
1.109365869876281947e-02
-8.753374471821569192e-03
7.516776494327871358e-04
1.844998179598207003e-03
3.892289112345776597e-02
-4.778643401549050474e-05
3.083116575765762479e-02
-6.865129620317146804e-03
1.688443456475590201e-02
-1.155987227093304912e-02
-1.980126427021592500e-02
-2.639780176115213289e-02
-2.276180904192930208e-03
-2.864465153965059865e-02
3.762784883008592901e-02
2.518312488855677794e-02
-2.465301324548182377e-02
-4.434219107789951105e-03
-2.077731343677083516e-03
2.260877481330796079e-02
1.599623191702355743e-02
7.986093254421159152e-03
4.406983261043648237e-02
-1.123022438489459755e-02
1.299485670583813528e-02
-1.641829131107163872e-02
-2.137111008389501812e-02
-2.294192834008410009e-02
1.358747200070364002e-02
1.085321543768696592e-02
-1.925923883895531985e-02
-1.712640691007053309e-02
-4.192135728225092339e-02
5.697996238602475762e-03
4.597470066706581433e-03
7.387220005968879802e-03
-1.412052966354789170e-02
-6.450305798693572144e-03
2.214185629535043304e-02
-7.841456191442705559e-03
1.133655466803257239e-02
-4.928361097011643537e-03
2.065048004580898044e-02
-1.044893893006255264e-02
-5.852780428433249950e-03
2.523749307543808607e-03
1.806151798839691555e-02
-2.094967666672457179e-02
1.254041168372511603e-02
3.222454395772504643e-02
1.164591948042436285e-02
-7.708851652376853998e-03
-3.451632547942719460e-03
-3.056852402769605955e-03
2.788308527239721779e-02
2.147064434671634714e-02
2.956014107978394492e-02
-2.901569257216358999e-02
3.072660774821042370e-02
-1.302346492145560648e-02
-1.616558452187689954e-02
2.349364354168509070e-02
-1.498772119363668900e-02
-1.585950883277515919e-02
2.986127281257415500e-02
-2.457902588111715234e-02
-2.424623312603056344e-02
-3.656079299574773855e-03
-2.010830952245831402e-02
1.821442654354104435e-02
7.367286290748400850e-03
-2.102612044330636962e-02
2.060079626681458193e-02
2.969364194901689610e-02
2.172295966165099096e-02
-1.266873367694498244e-02
-1.578062317231311573e-02
-1.820760481638578239e-03
-3.706396211766773557e-02
2.466769313929026604e-03
-1.315284049331409341e-02
2.195087894622665091e-03
5.814007306742086968e-03
7.489313605512011238e-03
2.424753263351367601e-03
1.556717430696282801e-02
-6.240728764163041078e-03
-3.023656181173001948e-03
-1.345629715389413776e-02
-5.134093649003493472e-03
2.333049887729616613e-03
5.102526002413413503e-02
-8.819964834116721455e-03
1.756170622462486022e-02
-2.598070939767135532e-02
9.056757190518632469e-03
-5.359835780988817314e-03
4.028945967828809205e-03
-2.651014955849970503e-02
-2.991956545568168202e-02
5.278791347733950701e-03
